1,2
2,3
3,1
4,2
5,5
6,4
7,4
8,2
9,6
10,2
11,5
12,4
13,4
14,1
15,1
16,5
17,2
18,0
19,3
20,4
21,1
22,5
23,0
24,4
25,1
26,6
27,4
28,6
29,4
30,5
31,1
32,2
33,4
34,5
35,4
36,2
37,4
38,2
39,6
40,0
41,3
42,4
43,6
44,2
45,4
46,4
47,3
48,2
49,4
50,2
51,0
52,1
53,4
54,5
55,5
56,1
57,0
58,2
59,0
60,2
61,2
62,2
63,1
64,2
65,6
66,3
67,3
68,6
69,1
70,2
71,0
72,4
73,6
74,0
75,2
76,2
77,5
78,1
79,1
80,4
81,2
82,4
83,1
84,5
85,4
86,1
87,5
88,4
89,2
90,2
91,4
92,5
93,4
94,5
95,4
96,1
97,1
98,6
99,4
100,1
101,0
102,3
103,3
104,1
105,3
106,3
107,1
108,0
109,4
110,3
111,4
112,4
113,6
114,5
115,4
116,5
117,1
118,3
119,3
120,2
121,4
122,4
123,2
124,0
125,5
126,1
127,5
128,2
129,3
130,6
131,5
132,6
133,2
134,0
135,4
136,2
137,4
138,4
139,3
140,6
141,4
142,2
143,3
144,4
145,2
146,3
147,0
148,6
149,2
150,2
151,3
152,0
153,2
154,4
155,4
156,4
157,5
158,3
159,2
160,2
161,5
162,6
163,4
164,5
165,0
166,5
167,3
168,4
169,3
170,2
171,5
172,2
173,1
174,3
175,6
176,4
177,4
178,6
179,2
180,2
181,3
182,6
183,3
184,1
185,2
186,0
187,3
188,0
189,1
190,3
191,6
192,3
193,6
194,5
195,0
196,2
197,4
198,1
199,3
200,3
201,1
202,1
203,6
204,5
205,1
206,4
207,5
208,4
209,4
210,3
211,3
212,5
213,5
214,6
215,2
216,6
217,6
218,5
219,0
220,0
221,0
222,5
223,3
224,3
225,2
226,2
227,4
228,4
229,3
230,4
231,4
232,4
233,2
234,6
235,2
236,3
237,2
238,1
239,0
240,0
241,2
242,3
243,2
244,6
245,3
246,3
247,0
248,4
249,4
250,4
251,5
252,2
253,5
254,5
255,6
256,4
257,6
258,3
259,4
260,3
261,4
262,2
263,1
264,4
265,5
266,2
267,5
268,6
269,6
270,4
271,4
272,2
273,2
274,6
275,1
276,5
277,6
278,2
279,4
280,1
281,6
282,0
283,6
284,5
285,4
286,2
287,4
288,0
289,6
290,1
291,2
292,2
293,3
294,6
295,4
296,4
297,4
298,0
299,6
300,6
301,5
302,2
303,5
304,4
305,5
306,4
307,3
308,1
309,4
310,6
311,3
312,2
313,4
314,1
315,3
316,1
317,4
318,2
319,2
320,2
321,2
322,1
323,0
324,2
325,4
326,2
327,6
328,1
329,4
330,2
331,2
332,1
333,0
334,5
335,2
336,0
337,2
338,5
339,6
340,5
341,4
342,3
343,6
344,1
345,6
346,6
347,1
348,0
349,3
350,5
351,2
352,4
353,4
354,0
355,0
356,4
357,4
358,2
359,5
360,4
361,2
362,0
363,1
364,2
365,2
366,3
367,1
368,4
369,5
370,3
371,6
372,3
373,6
374,1
375,5
376,0
377,2
378,6
379,1
380,2
381,6
382,0
383,6
384,5
385,3
386,2
387,4
388,6
389,6
390,3
391,4
392,6
393,3
394,4
395,4
396,4
397,1
398,2
399,4
400,1
401,3
402,5
403,4
404,6
405,4
406,1
407,3
408,0
409,4
410,6
411,0
412,6
413,2
414,2
415,4
416,0
417,6
418,3
419,3
420,2
421,1
422,5
423,0
424,1
425,2
426,4
427,5
428,2
429,0
430,6
431,4
432,2
433,4
434,1
435,0
436,0
437,2
438,2
439,6
440,5
441,3
442,6
443,2
444,2
445,2
446,3
447,2
448,2
449,2
450,5
451,1
452,1
453,4
454,3
455,3
456,4
457,2
458,4
459,3
460,1
461,0
462,3
463,6
464,3
465,1
466,2
467,4
468,6
469,1
470,2
471,6
472,2
473,2
474,2
475,1
476,5
477,1
478,1
479,2
480,0
481,1
482,1
483,2
484,5
485,4
486,6
487,2
488,4
489,4
490,2
491,1
492,3
493,5
494,0
495,1
496,0
497,2
498,2
499,3
500,0
501,4
502,1
503,0
504,4
505,5
506,4
507,5
508,2
509,1
510,4
511,2
512,4
513,2
514,2
515,2
516,3
517,5
518,4
519,2
520,2
521,2
522,3
523,3
524,1
525,2
526,4
527,4
528,1
529,6
530,0
531,2
532,2
533,1
534,4
535,2
536,5
537,3
538,0
539,4
540,4
541,3
542,4
543,4
544,6
545,4
546,4
547,1
548,6
549,3
550,2
551,5
552,3
553,4
554,4
555,2
556,1
557,0
558,6
559,1
560,1
561,5
562,5
563,0
564,2
565,5
566,0
567,0
568,1
569,5
570,2
571,1
572,5
573,4
574,2
575,4
576,3
577,2
578,2
579,2
580,5
581,2
582,6
583,2
584,4
585,3
586,2
587,2
588,3
589,2
590,2
591,1
592,5
593,3
594,0
595,2
596,2
597,3
598,3
599,2
600,0
601,2
602,0
603,2
604,4
605,2
606,4
607,1
608,4
609,6
610,3
611,3
612,1
613,4
614,2
615,6
616,0
617,2
618,4
619,1
620,2
621,6
622,2
623,2
624,4
625,0
626,4
627,4
628,2
629,4
630,2
631,0
632,6
633,4
634,5
635,0
636,4
637,0
638,2
639,6
640,5
641,4
642,2
643,4
644,1
645,3
646,4
647,3
648,4
649,4
650,4
651,1
652,4
653,0
654,6
655,4
656,4
657,4
658,2
659,1
660,5
661,2
662,4
663,6
664,5
665,2
666,2
667,3
668,4
669,6
670,2
671,5
672,2
673,3
674,0
675,1
676,6
677,4
678,0
679,2
680,4
681,2
682,2
683,3
684,4
685,4
686,4
687,4
688,6
689,4
690,0
691,2
692,3
693,4
694,2
695,0
696,2
697,1
698,4
699,1
700,2
701,4
702,2
703,6
704,5
705,2
706,5
707,1
708,2
709,6
710,3
711,2
712,5
713,0
714,5
715,4
716,2
717,4
718,6
719,2
720,1
721,2
722,3
723,0
724,0
725,5
726,5
727,6
728,4
729,6
730,2
731,2
732,5
733,3
734,5
735,1
736,1
737,2
738,5
739,3
740,1
741,4
742,5
743,2
744,1
745,1
746,5
747,4
748,6
749,6
750,2
751,5
752,3
753,4
754,3
755,1
756,2
757,1
758,5
759,5
760,1
761,6
762,2
763,1
764,5
765,4
766,1
767,3
768,4
769,4
770,2
771,2
772,1
773,5
774,2
775,0
776,2
777,4
778,0
779,3
780,4
781,2
782,6
783,6
784,1
785,6
786,2
787,4
788,2
789,2
790,2
791,2
792,5
793,6
794,3
795,1
796,3
797,1
798,0
799,2
800,4
801,2
802,5
803,2
804,2
805,4
806,0
807,2
808,1
809,5
810,1
811,3
812,5
813,4
814,3
815,4
816,4
817,6
818,0
819,2
820,2
821,0
822,2
823,4
824,1
825,2
826,4
827,6
828,1
829,1
830,1
831,2
832,0
833,5
834,2
835,3
836,1
837,2
838,3
839,2
840,3
841,1
842,6
843,2
844,1
845,4
846,6
847,3
848,4
849,3
850,2
851,1
852,6
853,5
854,3
855,5
856,3
857,4
858,4
859,2
860,2
861,4
862,2
863,4
864,5
865,4
866,1
867,4
868,6
869,1
870,2
871,2
872,1
873,1
874,6
875,2
876,2
877,6
878,1
879,4
880,5
881,1
882,6
883,0
884,4
885,0
886,3
887,6
888,6
889,2
890,4
891,2
892,4
893,2
894,5
895,2
896,5
897,5
898,5
899,5
900,2
901,6
902,2
903,1
904,5
905,0
906,1
907,1
908,5
909,5
910,5
911,6
912,6
913,0
914,4
915,6
916,5
917,2
918,3
919,3
920,2
921,2
922,6
923,1
924,5
925,4
926,5
927,5
928,0
929,4
930,2
931,6
932,1
933,3
934,6
935,1
936,4
937,3
938,2
939,0
940,5
941,5
942,3
943,6
944,0
945,0
946,4
947,0
948,4
949,2
950,2
951,3
952,6
953,5
954,1
955,2
956,2
957,0
958,1
959,1
960,3
961,2
962,2
963,1
964,3
965,4
966,2
967,0
968,4
969,5
970,5
971,5
972,3
973,4
974,6
975,2
976,6
977,2
978,5
979,6
980,2
981,4
982,2
983,2
984,3
985,4
986,4
987,1
988,3
989,4
990,5
991,2
992,1
993,1
994,5
995,4
996,4
997,6
998,2
999,6
1000,4
1001,3
1002,4
1003,5
1004,5
1005,2
1006,3
1007,2
1008,0
1009,2
1010,1
1011,2
1012,6
1013,5
1014,2
1015,4
1016,6
1017,2
1018,6
1019,4
1020,2
1021,1
1022,2
1023,6
1024,3
1025,3
1026,2
1027,6
1028,3
1029,2
1030,6
1031,2
1032,1
1033,2
1034,1
1035,4
1036,2
1037,2
1038,3
1039,2
1040,1
1041,4
1042,5
1043,4
1044,2
1045,6
1046,0
1047,6
1048,1
1049,2
1050,4
1051,2
1052,0
1053,4
1054,5
1055,2
1056,2
1057,2
1058,3
1059,5
1060,4
1061,5
1062,4
1063,1
1064,1
1065,2
1066,1
1067,3
1068,0
1069,2
1070,5
1071,4
1072,4
1073,4
1074,3
1075,0
1076,6
1077,4
1078,5
1079,0
1080,4
1081,5
1082,4
1083,1
1084,4
1085,4
1086,3
1087,2
1088,1
1089,1
1090,1
1091,0
1092,2
1093,3
1094,4
1095,0
1096,3
1097,2
1098,1
1099,6
1100,4
1101,6
1102,1
1103,6
1104,2
1105,1
1106,5
1107,5
1108,0
1109,2
1110,6
1111,5
1112,4
1113,2
1114,6
1115,6
1116,3
1117,6
1118,4
1119,2
1120,4
1121,4
1122,4
1123,1
1124,1
1125,4
1126,2
1127,3
1128,0
1129,1
1130,4
1131,3
1132,2
1133,4
1134,5
1135,5
1136,6
1137,5
1138,4
1139,2
1140,4
1141,2
1142,1
1143,5
1144,0
1145,6
1146,0
1147,1
1148,1
1149,2
1150,1
1151,6
1152,3
1153,4
1154,6
1155,2
1156,3
1157,2
1158,5
1159,1
1160,6
1161,5
1162,4
1163,0
1164,2
1165,4
1166,6
1167,2
1168,2
1169,2
1170,0
1171,6
1172,2
1173,4
1174,1
1175,6
1176,4
1177,1
1178,4
1179,1
1180,2
1181,1
1182,3
1183,2
1184,3
1185,0
1186,3
1187,6
1188,0
1189,3
1190,6
1191,3
1192,2
1193,3
1194,6
1195,6
1196,1
1197,1
1198,2
1199,4
1200,5
1201,6
1202,1
1203,5
1204,1
1205,2
1206,2
1207,2
1208,4
1209,5
1210,4
1211,6
1212,1
1213,2
1214,1
1215,4
1216,5
1217,5
1218,6
1219,4
1220,4
1221,2
1222,3
1223,2
1224,3
1225,4
1226,2
1227,2
1228,6
1229,2
1230,5
1231,4
1232,5
1233,0
1234,5
1235,2
1236,1
1237,4
1238,4
1239,2
1240,4
1241,2
1242,6
1243,2
1244,2
1245,1
1246,0
1247,2
1248,2
1249,4
1250,5
1251,5
1252,2
1253,5
1254,1
1255,4
1256,3
1257,3
1258,3
1259,3
1260,6
1261,6
1262,1
1263,2
1264,2
1265,4
1266,4
1267,5
1268,6
1269,4
1270,1
1271,2
1272,5
1273,2
1274,4
1275,1
1276,6
1277,2
1278,6
1279,0
1280,4
1281,6
1282,6
1283,2
1284,6
1285,6
1286,4
1287,2
1288,0
1289,2
1290,5
1291,4
1292,2
1293,2
1294,2
1295,0
1296,4
1297,5
1298,4
1299,5
1300,1
1301,5
1302,2
1303,2
1304,6
1305,3
1306,2
1307,4
1308,1
1309,1
1310,2
1311,4
1312,1
1313,3
1314,2
1315,3
1316,2
1317,2
1318,3
1319,2
1320,1
1321,5
1322,1
1323,2
1324,4
1325,1
1326,2
1327,0
1328,2
1329,2
1330,6
1331,3
1332,5
1333,3
1334,4
1335,4
1336,5
1337,5
1338,2
1339,5
1340,0
1341,1
1342,4
1343,3
1344,3
1345,2
1346,3
1347,4
1348,2
1349,1
1350,3
1351,6
1352,5
1353,2
1354,6
1355,5
1356,4
1357,3
1358,2
1359,2
1360,3
1361,3
1362,3
1363,2
1364,0
1365,0
1366,1
1367,2
1368,4
1369,2
1370,0
1371,4
1372,6
1373,4
1374,0
1375,6
1376,4
1377,2
1378,5
1379,0
1380,2
1381,1
1382,2
1383,2
1384,3
1385,1
1386,1
1387,2
1388,2
1389,3
1390,4
1391,1
1392,4
1393,2
1394,4
1395,2
1396,3
1397,4
1398,4
1399,6
1400,1
1401,6
1402,1
1403,2
1404,4
1405,0
1406,1
1407,6
1408,4
1409,1
1410,1
1411,5
1412,5
1413,5
1414,6
1415,2
1416,0
1417,1
1418,3
1419,4
1420,2
1421,2
1422,6
1423,0
1424,4
1425,6
1426,0
1427,6
1428,6
1429,4
1430,2
1431,2
1432,2
1433,4
1434,3
1435,2
1436,3
1437,2
1438,1
1439,6
1440,5
1441,2
1442,4
1443,3
1444,4
1445,5
1446,1
1447,4
1448,4
1449,4
1450,4
1451,6
1452,0
1453,1
1454,4
1455,4
1456,4
1457,2
1458,5
1459,2
1460,4
1461,1
1462,2
1463,6
1464,5
1465,6
1466,4
1467,6
1468,3
1469,2
1470,6
1471,1
1472,1
1473,4
1474,4
1475,6
1476,5
1477,1
1478,2
1479,2
1480,6
1481,6
1482,4
1483,2
1484,6
1485,6
1486,4
1487,4
1488,4
1489,4
1490,5
1491,5
1492,5
1493,2
1494,3
1495,2
1496,0
1497,0
1498,2
1499,1
1500,6
1501,5
1502,4
1503,4
1504,5
1505,4
1506,2
1507,2
1508,4
1509,4
1510,2
1511,1
1512,1
1513,3
1514,0
1515,2
1516,3
1517,1
1518,4
1519,2
1520,1
1521,3
1522,4
1523,1
1524,2
1525,5
1526,2
1527,6
1528,2
1529,5
1530,2
1531,2
1532,1
1533,6
1534,1
1535,4
1536,1
1537,2
1538,0
1539,4
1540,1
1541,2
1542,2
1543,6
1544,1
1545,2
1546,2
1547,4
1548,4
1549,1
1550,4
1551,1
1552,6
1553,2
1554,4
1555,2
1556,4
1557,2
1558,4
1559,4
1560,4
1561,1
1562,3
1563,2
1564,4
1565,6
1566,1
1567,1
1568,5
1569,2
1570,5
1571,4
1572,4
1573,3
1574,1
1575,2
1576,2
1577,2
1578,1
1579,4
1580,0
1581,0
1582,2
1583,3
1584,0
1585,3
1586,3
1587,3
1588,2
1589,6
1590,4
1591,6
1592,2
1593,6
1594,0
1595,2
1596,4
1597,2
1598,0
1599,0
1600,3
1601,3
1602,5
1603,1
1604,6
1605,5
1606,0
1607,4
1608,2
1609,3
1610,4
